# step, loss_train, loss_test, metrics_test
0.000000000000000000e+00 8.837568457238376141e-04 8.600589036941528320e-01 3.303745687007904053e-01 2.871115803718566895e-01 5.537799373269081116e-02 6.675527191162109375e+01 2.034039348363876343e-01 9.841080754995346069e-04 8.600589036941528320e-01 3.303745687007904053e-01 2.871115803718566895e-01 5.537799373269081116e-02 6.675527191162109375e+01 2.034039348363876343e-01
1.000000000000000000e+03 1.865954250097274780e-01 9.400676004588603973e-03 2.759406110271811485e-03 1.579007506370544434e-02 1.748028695583343506e-01 7.811561822891235352e-01 4.023141041398048401e-02 1.334690749645233154e-01 9.400676004588603973e-03 2.759406110271811485e-03 1.579007506370544434e-02 1.748028695583343506e-01 7.811561822891235352e-01 4.023141041398048401e-02
2.000000000000000000e+03 8.359604328870773315e-02 1.289587933570146561e-03 9.902599267661571503e-04 9.670658619143068790e-04 3.129571210592985153e-03 6.054565310478210449e-02 3.484888374805450439e-02 5.360607057809829712e-02 1.289587933570146561e-03 9.902599267661571503e-04 9.670658619143068790e-04 3.129571210592985153e-03 6.054565310478210449e-02 3.484888374805450439e-02
3.000000000000000000e+03 4.619316756725311279e-02 8.564526797272264957e-04 5.013521295040845871e-04 2.607721835374832153e-04 2.203773707151412964e-03 2.045800536870956421e-02 3.139984235167503357e-02 2.354117110371589661e-02 8.564526797272264957e-04 5.013521295040845871e-04 2.607721835374832153e-04 2.203773707151412964e-03 2.045800536870956421e-02 3.139984235167503357e-02
4.000000000000000000e+03 2.089205384254455566e-02 5.242377519607543945e-04 3.385493764653801918e-04 2.128158666891977191e-04 1.636253204196691513e-03 8.350111544132232666e-03 2.859516628086566925e-02 1.038683764636516571e-02 5.242377519607543945e-04 3.385493764653801918e-04 2.128158666891977191e-04 1.636253204196691513e-03 8.350111544132232666e-03 2.859516628086566925e-02
5.000000000000000000e+03 7.671273313462734222e-03 1.663051953073590994e-04 1.116600760724395514e-04 2.675789000932127237e-04 4.855310253333300352e-04 3.121916437521576881e-03 2.490362152457237244e-02 5.083467345684766769e-03 1.663051953073590994e-04 1.116600760724395514e-04 2.675789000932127237e-04 4.855310253333300352e-04 3.121916437521576881e-03 2.490362152457237244e-02
6.000000000000000000e+03 4.834284540265798569e-03 1.394626451656222343e-04 9.650293213780969381e-05 1.448180119041353464e-04 1.394885912304744124e-04 1.860776566900312901e-03 1.968633569777011871e-02 3.200382925570011139e-03 1.394626451656222343e-04 9.650293213780969381e-05 1.448180119041353464e-04 1.394885912304744124e-04 1.860776566900312901e-03 1.968633569777011871e-02
7.000000000000000000e+03 2.896321238949894905e-03 6.141488120192661881e-05 5.933609281782992184e-05 1.623609714442864060e-04 3.439861393417231739e-05 1.373576116748154163e-03 1.430632360279560089e-02 1.743235392495989799e-03 6.141488120192661881e-05 5.933609281782992184e-05 1.623609714442864060e-04 3.439861393417231739e-05 1.373576116748154163e-03 1.430632360279560089e-02
8.000000000000000000e+03 1.816752250306308270e-03 2.583302921266295016e-05 6.273225608310895041e-06 7.858063327148556709e-05 1.301782958762487397e-05 1.254841336049139500e-03 1.036198530346155167e-02 1.050617662258446217e-03 2.583302921266295016e-05 6.273225608310895041e-06 7.858063327148556709e-05 1.301782958762487397e-05 1.254841336049139500e-03 1.036198530346155167e-02
9.000000000000000000e+03 1.257043331861495972e-03 6.328195740934461355e-05 1.617379166418686509e-05 6.364715227391570807e-05 6.072567884984891862e-06 1.073559629730880260e-03 7.199661340564489365e-03 7.324056350626051426e-04 6.328195740934461355e-05 1.617379166418686509e-05 6.364715227391570807e-05 6.072567884984891862e-06 1.073559629730880260e-03 7.199661340564489365e-03
1.000000000000000000e+04 8.915055077522993088e-04 6.524401396745815873e-05 1.151742071670014411e-05 1.011510103126056492e-04 4.645831722882576287e-06 6.500777089968323708e-04 4.546223208308219910e-03 5.309353582561016083e-04 6.524401396745815873e-05 1.151742071670014411e-05 1.011510103126056492e-04 4.645831722882576287e-06 6.500777089968323708e-04 4.546223208308219910e-03
1.100000000000000000e+04 5.945788579992949963e-04 2.909103022830095142e-05 2.566564489825395867e-06 8.686983346706256270e-05 6.252170805964851752e-06 3.164876543451100588e-04 2.835420425981283188e-03 3.687778371386229992e-04 2.909103022830095142e-05 2.566564489825395867e-06 8.686983346706256270e-05 6.252170805964851752e-06 3.164876543451100588e-04 2.835420425981283188e-03
1.200000000000000000e+04 3.800288832280784845e-04 4.140716100664576516e-06 3.212161118426593021e-06 5.036341826780699193e-05 1.558039366500452161e-05 2.358887577429413795e-04 1.785183092579245567e-03 2.421740791760385036e-04 4.140716100664576516e-06 3.212161118426593021e-06 5.036341826780699193e-05 1.558039366500452161e-05 2.358887577429413795e-04 1.785183092579245567e-03
1.300000000000000000e+04 2.797441557049751282e-04 2.457940354361198843e-06 5.987977829136070795e-07 2.457677692291326821e-05 1.527938547951634973e-05 2.298799663549289107e-04 9.102518670260906219e-04 1.877782924566417933e-04 2.457940354361198843e-06 5.987977829136070795e-07 2.457677692291326821e-05 1.527938547951634973e-05 2.298799663549289107e-04 9.102518670260906219e-04
1.400000000000000000e+04 2.075728261843323708e-04 1.772646896824880969e-06 2.541806338740570936e-07 1.474350847274763510e-05 1.063796480593737215e-05 2.011928590945899487e-04 3.836679097730666399e-04 1.413966529071331024e-04 1.772646896824880969e-06 2.541806338740570936e-07 1.474350847274763510e-05 1.063796480593737215e-05 2.011928590945899487e-04 3.836679097730666399e-04
1.500000000000000000e+04 1.422374625690281391e-04 2.934039230240159668e-06 5.329579835233744234e-06 8.430750312982127070e-06 5.812027666252106428e-06 1.666947791818529367e-04 1.989689626498147845e-04 9.357502858620136976e-05 2.934039230240159668e-06 5.329579835233744234e-06 8.430750312982127070e-06 5.812027666252106428e-06 1.666947791818529367e-04 1.989689626498147845e-04
1.600000000000000000e+04 1.118107102229259908e-04 7.157921686484769452e-07 2.449330622766865417e-07 5.567392236116575077e-06 3.686703394123469479e-06 1.536677737021818757e-04 1.397223531967028975e-04 7.534691394539549947e-05 7.157921686484769452e-07 2.449330622766865417e-07 5.567392236116575077e-06 3.686703394123469479e-06 1.536677737021818757e-04 1.397223531967028975e-04
1.700000000000000000e+04 9.076671267393976450e-05 5.428979079624696169e-07 2.399705181233002804e-07 4.145877483097137883e-06 3.067542593271355145e-06 1.478143240092322230e-04 1.163726774393580854e-04 6.261932139750570059e-05 5.428979079624696169e-07 2.399705181233002804e-07 4.145877483097137883e-06 3.067542593271355145e-06 1.478143240092322230e-04 1.163726774393580854e-04
1.800000000000000000e+04 7.611986802658066154e-05 1.395095569023396820e-05 3.029673280252609402e-05 9.212882105202879757e-06 3.015636366399121471e-06 2.953996008727699518e-04 1.478048943681642413e-04 5.040510222897864878e-05 1.395095569023396820e-05 3.029673280252609402e-05 9.212882105202879757e-06 3.015636366399121471e-06 2.953996008727699518e-04 1.478048943681642413e-04
1.900000000000000000e+04 6.502727046608924866e-05 3.119387770311732311e-07 1.556946926939417608e-07 2.556359504524152726e-06 3.443157766014337540e-06 1.416692393831908703e-04 9.151326230494305491e-05 4.728887142846360803e-05 3.119387770311732311e-07 1.556946926939417608e-07 2.556359504524152726e-06 3.443157766014337540e-06 1.416692393831908703e-04 9.151326230494305491e-05
2.000000000000000000e+04 5.777913247584365308e-05 2.545260144870553631e-07 1.239020264165446861e-07 1.887360099317447748e-06 2.940354079328244552e-06 1.345923519693315029e-04 8.328739204443991184e-05 4.315481419325806201e-05 2.545260144870553631e-07 1.239020264165446861e-07 1.887360099317447748e-06 2.940354079328244552e-06 1.345923519693315029e-04 8.328739204443991184e-05
2.100000000000000000e+04 5.232660987530834973e-05 3.500247203191975132e-07 8.044200967560755089e-07 1.372944097965955734e-06 2.371947175561217591e-06 1.413752470398321748e-04 7.838851888664066792e-05 3.977071901317685843e-05 3.500247203191975132e-07 8.044200967560755089e-07 1.372944097965955734e-06 2.371947175561217591e-06 1.413752470398321748e-04 7.838851888664066792e-05
2.200000000000000000e+04 4.894485755357891321e-05 6.123387947809533216e-07 6.681924560325569473e-07 1.543839402984303888e-06 3.378425390110351145e-06 1.357799337711185217e-04 7.319825090235099196e-05 3.891051892424002290e-05 6.123387947809533216e-07 6.681924560325569473e-07 1.543839402984303888e-06 3.378425390110351145e-06 1.357799337711185217e-04 7.319825090235099196e-05
2.300000000000000000e+04 4.589296440826728940e-05 2.306739617097264272e-07 4.103922037757001817e-07 7.904269523351103999e-07 2.290645397806656547e-06 1.309879880864173174e-04 6.843802839284762740e-05 3.674362960737198591e-05 2.306739617097264272e-07 4.103922037757001817e-07 7.904269523351103999e-07 2.290645397806656547e-06 1.309879880864173174e-04 6.843802839284762740e-05
2.400000000000000000e+04 4.347130015958100557e-05 1.637780258079146734e-07 1.693772730959608452e-07 6.391484248524648137e-07 2.523212515370687470e-06 1.234112714882940054e-04 6.448328349506482482e-05 3.560490222298540175e-05 1.637780258079146734e-07 1.693772730959608452e-07 6.391484248524648137e-07 2.523212515370687470e-06 1.234112714882940054e-04 6.448328349506482482e-05
2.500000000000000000e+04 4.127246211282908916e-05 1.806886444910560385e-07 2.367219451571145328e-07 5.088633656669117045e-07 2.473603672115132213e-06 1.215180309372954071e-04 6.172435678308829665e-05 3.411054422031156719e-05 1.806886444910560385e-07 2.367219451571145328e-07 5.088633656669117045e-07 2.473603672115132213e-06 1.215180309372954071e-04 6.172435678308829665e-05
2.600000000000000000e+04 3.928758451365865767e-05 2.253859179290884640e-07 4.140730140989035135e-07 4.599053511356032686e-07 2.063989995804149657e-06 1.287301129195839167e-04 6.000852226861752570e-05 3.232634480809792876e-05 2.253859179290884640e-07 4.140730140989035135e-07 4.599053511356032686e-07 2.063989995804149657e-06 1.287301129195839167e-04 6.000852226861752570e-05
2.700000000000000000e+04 3.748576637008227408e-05 1.983353712375901523e-07 2.732116399783990346e-07 5.186824409975088201e-07 2.904953134930110537e-06 1.254740782314911485e-04 5.775841418653726578e-05 3.142747664242051542e-05 1.983353712375901523e-07 2.732116399783990346e-07 5.186824409975088201e-07 2.904953134930110537e-06 1.254740782314911485e-04 5.775841418653726578e-05
2.800000000000000000e+04 3.582879435271024704e-05 1.108826452878020064e-07 1.674546439289770206e-07 3.337320606533467071e-07 2.261266217828961089e-06 1.167992377304472029e-04 5.552319635171443224e-05 2.994393071276135743e-05 1.108826452878020064e-07 1.674546439289770206e-07 3.337320606533467071e-07 2.261266217828961089e-06 1.167992377304472029e-04 5.552319635171443224e-05
2.900000000000000000e+04 3.460476000327616930e-05 9.938792544517127681e-08 1.692119013796400395e-07 3.061961137973412406e-07 2.021546151809161529e-06 1.165813664556480944e-04 5.409311415860429406e-05 2.871052856789901853e-05 9.938792544517127681e-08 1.692119013796400395e-07 3.061961137973412406e-07 2.021546151809161529e-06 1.165813664556480944e-04 5.409311415860429406e-05
3.000000000000000000e+04 3.323679993627592921e-05 7.632187504214016371e-08 1.606059640835155733e-07 2.797974332224839600e-07 2.104113036693888716e-06 1.139795858762226999e-04 5.260592297418043017e-05 2.782431511150207371e-05 7.632187504214016371e-08 1.606059640835155733e-07 2.797974332224839600e-07 2.104113036693888716e-06 1.139795858762226999e-04 5.260592297418043017e-05
3.000000000000000000e+04 3.323679993627592921e-05 7.632187504214016371e-08 1.606059640835155733e-07 2.797974332224839600e-07 2.104113036693888716e-06 1.139795858762226999e-04 5.260592297418043017e-05 2.782431511150207371e-05 7.632187504214016371e-08 1.606059640835155733e-07 2.797974332224839600e-07 2.104113036693888716e-06 1.139795858762226999e-04 5.260592297418043017e-05
3.001900000000000000e+04 3.323937926325015724e-05 7.710556815254676621e-08 1.616377574009675300e-07 2.782201136142248288e-07 2.102962071148795076e-06 1.139752785093151033e-04 5.260514080873690546e-05 2.782639057841151953e-05 7.710556815254676621e-08 1.616377574009675300e-07 2.782201136142248288e-07 2.102962071148795076e-06 1.139752785093151033e-04 5.260514080873690546e-05
3.001900000000000000e+04 3.341709816595539451e-05 7.710556815254676621e-08 1.616377574009675300e-07 2.782201136142248288e-07 2.102962071148795076e-06 1.139752785093151033e-04 5.260514080873690546e-05 2.782639057841151953e-05 7.710556815254676621e-08 1.616377574009675300e-07 2.782201136142248288e-07 2.102962071148795076e-06 1.139752785093151033e-04 5.260514080873690546e-05
3.100000000000000000e+04 3.280509918113239110e-05 6.701289123611786636e-08 1.670715192858551745e-07 2.730618859914102359e-07 2.066541583189973608e-06 1.133540572482161224e-04 5.208588845562189817e-05 2.731869426497723907e-05 6.701289123611786636e-08 1.670715192858551745e-07 2.730618859914102359e-07 2.066541583189973608e-06 1.133540572482161224e-04 5.208588845562189817e-05
3.200000000000000000e+04 3.200919309165328741e-05 5.737550523576828709e-08 1.632779031979225692e-07 2.663530835889105219e-07 1.993102387132239528e-06 1.122104367823339999e-04 5.121883077663369477e-05 2.665871215867809951e-05 5.737550523576828709e-08 1.632779031979225692e-07 2.663530835889105219e-07 1.993102387132239528e-06 1.122104367823339999e-04 5.121883077663369477e-05
3.202000000000000000e+04 3.198511694790795445e-05 5.711100214966791100e-08 1.635062574223411502e-07 2.663655891410598997e-07 1.990858891076641157e-06 1.121904206229373813e-04 5.119632987771183252e-05 2.664117164385970682e-05 5.711100214966791100e-08 1.635062574223411502e-07 2.663655891410598997e-07 1.990858891076641157e-06 1.121904206229373813e-04 5.119632987771183252e-05
3.300000000000000000e+04 2.675680843822192401e-05 2.298023673574789427e-07 3.888991102485306328e-07 1.871368482397883781e-07 6.996482397880754434e-07 6.563078932231292129e-05 1.632466228329576552e-05 2.675680843822192401e-05 2.298023673574789427e-07 3.888991102485306328e-07 1.871368482397883781e-07 6.996482397880754434e-07 6.563078932231292129e-05 1.632466228329576552e-05
3.400000000000000000e+04 1.895296736620366573e-05 1.795956876549098524e-07 1.340076437372772489e-06 1.534993998575373553e-07 1.057778490576311015e-06 3.252839087508618832e-05 3.895806912623811513e-06 1.895296736620366573e-05 1.795956876549098524e-07 1.340076437372772489e-06 1.534993998575373553e-07 1.057778490576311015e-06 3.252839087508618832e-05 3.895806912623811513e-06
3.500000000000000000e+04 1.075644195225322619e-05 9.237250253590900684e-08 1.495682511176710250e-07 4.455433710859324492e-08 1.698479934475471964e-07 2.487395613570697606e-05 2.533828364903456531e-06 1.075644195225322619e-05 9.237250253590900684e-08 1.495682511176710250e-07 4.455433710859324492e-08 1.698479934475471964e-07 2.487395613570697606e-05 2.533828364903456531e-06
3.510700000000000000e+04 1.033088574331486598e-05 9.721554761199513450e-08 1.753282958816271275e-07 3.892739286470714433e-08 1.545628975918589276e-07 2.485549703123979270e-05 2.420639248157385737e-06 9.605584637029096484e-06 9.721554761199513450e-08 1.753282958816271275e-07 3.892739286470714433e-08 1.545628975918589276e-07 2.485549703123979270e-05 2.420639248157385737e-06
