# step, loss_train, loss_test, metrics_test
0.000000000000000000e+00 1.970530720427632332e-04 5.743399262428283691e-01 2.466844767332077026e-01 5.232936516404151917e-02 6.641079711914062500e+01 2.555898427963256836e-01 1.722503802739083767e-04 5.743399262428283691e-01 2.466844767332077026e-01 5.232936516404151917e-02 6.641079711914062500e+01 2.555898427963256836e-01
1.000000000000000000e+03 1.740662008523941040e-01 1.462577842175960541e-02 2.985187433660030365e-02 2.958514392375946045e-01 8.404375314712524414e-01 2.340111695230007172e-02 1.175286844372749329e-01 1.462577842175960541e-02 2.985187433660030365e-02 2.958514392375946045e-01 8.404375314712524414e-01 2.340111695230007172e-02
2.000000000000000000e+03 8.086632192134857178e-02 3.705170820467174053e-04 9.298172080889344215e-04 7.174855098128318787e-03 9.084621071815490723e-02 1.188699807971715927e-02 6.754470616579055786e-02 3.705170820467174053e-04 9.298172080889344215e-04 7.174855098128318787e-03 9.084621071815490723e-02 1.188699807971715927e-02
3.000000000000000000e+03 4.548843577504158020e-02 3.984668001066893339e-04 4.222360148560255766e-04 1.502205035649240017e-03 3.441020101308822632e-02 5.443089641630649567e-03 2.874382585287094116e-02 3.984668001066893339e-04 4.222360148560255766e-04 1.502205035649240017e-03 3.441020101308822632e-02 5.443089641630649567e-03
4.000000000000000000e+03 2.222680859267711639e-02 1.446930982638150454e-04 1.632922794669866562e-04 1.082481394405476749e-04 1.739482954144477844e-02 3.338132984936237335e-03 1.177125424146652222e-02 1.446930982638150454e-04 1.632922794669866562e-04 1.082481394405476749e-04 1.739482954144477844e-02 3.338132984936237335e-03
5.000000000000000000e+03 9.483458474278450012e-03 1.318107206316199154e-05 4.840621113544330001e-05 1.409926917403936386e-04 7.725183386355638504e-03 2.025642199441790581e-03 6.593108642846345901e-03 1.318107206316199154e-05 4.840621113544330001e-05 1.409926917403936386e-04 7.725183386355638504e-03 2.025642199441790581e-03
6.000000000000000000e+03 6.572611629962921143e-03 2.744986431935103610e-06 2.843871334334835410e-05 2.063635620288550854e-04 4.376912955194711685e-03 5.602766177617013454e-04 5.282856058329343796e-03 2.744986431935103610e-06 2.843871334334835410e-05 2.063635620288550854e-04 4.376912955194711685e-03 5.602766177617013454e-04
7.000000000000000000e+03 3.975444007664918900e-03 1.599191477907879744e-06 5.938567937846528366e-06 1.281181757804006338e-04 3.045533783733844757e-03 2.043862768914550543e-04 3.194154007360339165e-03 1.599191477907879744e-06 5.938567937846528366e-06 1.281181757804006338e-04 3.045533783733844757e-03 2.043862768914550543e-04
8.000000000000000000e+03 2.318179234862327576e-03 3.252583837820566259e-07 4.362397305612830678e-07 4.045129389851354063e-05 2.129483735188841820e-03 1.190748807857744396e-04 1.788057736121118069e-03 3.252583837820566259e-07 4.362397305612830678e-07 4.045129389851354063e-05 2.129483735188841820e-03 1.190748807857744396e-04
9.000000000000000000e+03 1.561183249577879906e-03 1.422250619498299784e-07 2.172746462747454643e-07 1.734223769744858146e-05 1.549456035718321800e-03 7.986302807694301009e-05 1.152599230408668518e-03 1.422250619498299784e-07 2.172746462747454643e-07 1.734223769744858146e-05 1.549456035718321800e-03 7.986302807694301009e-05
1.000000000000000000e+04 1.088901073671877384e-03 1.023116311671401490e-07 1.509861959902991657e-07 2.338301237614359707e-05 1.208887551911175251e-03 5.853442416992038488e-05 7.556421915069222450e-04 1.023116311671401490e-07 1.509861959902991657e-07 2.338301237614359707e-05 1.208887551911175251e-03 5.853442416992038488e-05
1.100000000000000000e+04 7.701457943767309189e-04 7.469442380170221440e-07 1.298362093393734540e-07 3.257148273405618966e-05 9.806844172999262810e-04 4.649913171306252480e-05 4.930685972794890404e-04 7.469442380170221440e-07 1.298362093393734540e-07 3.257148273405618966e-05 9.806844172999262810e-04 4.649913171306252480e-05
1.200000000000000000e+04 5.057941889390349388e-04 2.477887335317063844e-07 4.416463923462288221e-07 3.618608025135472417e-05 7.992172613739967346e-04 3.750947871594689786e-05 3.003801393788307905e-04 2.477887335317063844e-07 4.416463923462288221e-07 3.618608025135472417e-05 7.992172613739967346e-04 3.750947871594689786e-05
1.300000000000000000e+04 2.837518113665282726e-04 7.579867400409057154e-08 7.641965282800811110e-08 3.161072527291253209e-05 6.611919379793107510e-04 3.100555477431043983e-05 1.700237917248159647e-04 7.579867400409057154e-08 7.641965282800811110e-08 3.161072527291253209e-05 6.611919379793107510e-04 3.100555477431043983e-05
1.400000000000000000e+04 1.783978659659624100e-04 6.879038210172438994e-06 9.915470400301273912e-06 2.315365418326109648e-05 5.700520123355090618e-04 4.620365143637172878e-05 1.340012386208400130e-04 6.879038210172438994e-06 9.915470400301273912e-06 2.315365418326109648e-05 5.700520123355090618e-04 4.620365143637172878e-05
1.500000000000000000e+04 1.577371149323880672e-04 5.216717909206636250e-06 1.065917331288801506e-06 1.634793625271413475e-05 5.141436122357845306e-04 2.572021003288682550e-05 1.410578988725319505e-04 5.216717909206636250e-06 1.065917331288801506e-06 1.634793625271413475e-05 5.141436122357845306e-04 2.572021003288682550e-05
1.600000000000000000e+04 1.429533731425181031e-04 9.830937131027894793e-08 5.607137509855419921e-08 1.378990327793871984e-05 4.823417111765593290e-04 2.187131212849635631e-05 1.359046291327103972e-04 9.830937131027894793e-08 5.607137509855419921e-08 1.378990327793871984e-05 4.823417111765593290e-04 2.187131212849635631e-05
1.700000000000000000e+04 1.298306597163900733e-04 1.012757095963934262e-07 6.193181434355210513e-08 1.298727329412940890e-05 4.565386043395847082e-04 1.972837344510480762e-05 1.275653339689597487e-04 1.012757095963934262e-07 6.193181434355210513e-08 1.298727329412940890e-05 4.565386043395847082e-04 1.972837344510480762e-05
1.800000000000000000e+04 1.187219386338256299e-04 9.906599984788044821e-08 7.446702454672049498e-08 1.267467632715124637e-05 4.340716113802045584e-04 1.773790427250787616e-05 1.193841162603348494e-04 9.906599984788044821e-08 7.446702454672049498e-08 1.267467632715124637e-05 4.340716113802045584e-04 1.773790427250787616e-05
1.900000000000000000e+04 1.092982856789603829e-04 1.012910288977764139e-07 9.338298667671551812e-08 1.304021952819311991e-05 4.107208224013447762e-04 1.613477616047021002e-05 1.119971639127470553e-04 1.012910288977764139e-07 9.338298667671551812e-08 1.304021952819311991e-05 4.107208224013447762e-04 1.613477616047021002e-05
2.000000000000000000e+04 1.014652152662165463e-04 8.082753311100532301e-08 6.361362636653211666e-08 1.314396649831905961e-05 3.896063135471194983e-04 1.452899959986098111e-05 1.053150990628637373e-04 8.082753311100532301e-08 6.361362636653211666e-08 1.314396649831905961e-05 3.896063135471194983e-04 1.452899959986098111e-05
2.100000000000000000e+04 9.474062972003594041e-05 7.443218663638617727e-08 7.088230802310135914e-08 1.272146164410514757e-05 3.698845393955707550e-04 1.321134641329990700e-05 9.892431990010663867e-05 7.443218663638617727e-08 7.088230802310135914e-08 1.272146164410514757e-05 3.698845393955707550e-04 1.321134641329990700e-05
2.200000000000000000e+04 8.911069016903638840e-05 1.048312583407096099e-07 6.825656839737348491e-08 1.479253023717319593e-05 3.874492249451577663e-04 1.209096444654278457e-05 9.260453225579112768e-05 1.048312583407096099e-07 6.825656839737348491e-08 1.479253023717319593e-05 3.874492249451577663e-04 1.209096444654278457e-05
2.300000000000000000e+04 8.281142072519287467e-05 5.647066103620090871e-08 5.184245210898552614e-08 1.069978588930098340e-05 3.318034578114748001e-04 1.112796235247515142e-05 8.575116953579708934e-05 5.647066103620090871e-08 5.184245210898552614e-08 1.069978588930098340e-05 3.318034578114748001e-04 1.112796235247515142e-05
2.400000000000000000e+04 7.684883894398808479e-05 2.307437654280874995e-07 5.238115932115761098e-07 9.340979886474087834e-06 3.119621542282402515e-04 1.125284506997559220e-05 7.867563545005396008e-05 2.307437654280874995e-07 5.238115932115761098e-07 9.340979886474087834e-06 3.119621542282402515e-04 1.125284506997559220e-05
2.500000000000000000e+04 7.142744289012625813e-05 4.481774951159422926e-08 4.348748561255888490e-08 7.881812962295953184e-06 2.906817826442420483e-04 9.601968486094847322e-06 7.187707524280995131e-05 4.481774951159422926e-08 4.348748561255888490e-08 7.881812962295953184e-06 2.906817826442420483e-04 9.601968486094847322e-06
2.600000000000000000e+04 6.794699584133923054e-05 3.126340573089692043e-07 1.603681454298566678e-07 6.405396561603993177e-06 2.672346890904009342e-04 9.160002264252398163e-06 6.715697963954880834e-05 3.126340573089692043e-07 1.603681454298566678e-07 6.405396561603993177e-06 2.672346890904009342e-04 9.160002264252398163e-06
2.700000000000000000e+04 6.666025001322850585e-05 8.047173594150081044e-08 1.551805866029098979e-07 6.045338977855863050e-06 2.544003364164382219e-04 8.539457667211536318e-06 6.432821828639134765e-05 8.047173594150081044e-08 1.551805866029098979e-07 6.045338977855863050e-06 2.544003364164382219e-04 8.539457667211536318e-06
2.800000000000000000e+04 6.694922922179102898e-05 3.466316300659855187e-08 2.954621258766110259e-08 3.926201316062361002e-06 2.300511550856754184e-04 8.000915840966627002e-06 6.377518730005249381e-05 3.466316300659855187e-08 2.954621258766110259e-08 3.926201316062361002e-06 2.300511550856754184e-04 8.000915840966627002e-06
2.900000000000000000e+04 6.814942753408104181e-05 2.758942585501245048e-08 2.241147356585315720e-08 3.581455530365929008e-06 2.033532946370542049e-04 7.557580374850658700e-06 6.369282345985993743e-05 2.758942585501245048e-08 2.241147356585315720e-08 3.581455530365929008e-06 2.033532946370542049e-04 7.557580374850658700e-06
3.000000000000000000e+04 6.840074638603255153e-05 2.800305942685099581e-08 3.293941475135397923e-08 2.846665665856562555e-06 1.847757957875728607e-04 7.194079444161616266e-06 6.315650534816086292e-05 2.800305942685099581e-08 3.293941475135397923e-08 2.846665665856562555e-06 1.847757957875728607e-04 7.194079444161616266e-06
3.000000000000000000e+04 6.840074638603255153e-05 2.800305942685099581e-08 3.293941475135397923e-08 2.846665665856562555e-06 1.847757957875728607e-04 7.194079444161616266e-06 6.315650534816086292e-05 2.800305942685099581e-08 3.293941475135397923e-08 2.846665665856562555e-06 1.847757957875728607e-04 7.194079444161616266e-06
3.100000000000000000e+04 3.059559458051808178e-05 3.274472959446939058e-08 2.054846603982696251e-08 1.170649852610949893e-06 7.686071330681443214e-05 5.927224719926016405e-06 3.059559458051808178e-05 3.274472959446939058e-08 2.054846603982696251e-08 1.170649852610949893e-06 7.686071330681443214e-05 5.927224719926016405e-06
3.200000000000000000e+04 1.727437847875989974e-05 3.669651249538219417e-08 4.298613731634759461e-08 1.099577886520819447e-07 6.487637438112869859e-05 4.619287210516631603e-06 1.727437847875989974e-05 3.669651249538219417e-08 4.298613731634759461e-08 1.099577886520819447e-07 6.487637438112869859e-05 4.619287210516631603e-06
3.300000000000000000e+04 1.428823179594473913e-05 2.201485216346554807e-08 1.660288617699734459e-08 2.797790443764824886e-07 5.389444049797020853e-05 3.789179118030006066e-06 1.428823179594473913e-05 2.201485216346554807e-08 1.660288617699734459e-08 2.797790443764824886e-07 5.389444049797020853e-05 3.789179118030006066e-06
3.400000000000000000e+04 1.246483589056879282e-05 1.737258514822315192e-08 1.905109847655239719e-08 1.050269275992832263e-07 4.847758100368082523e-05 3.095978854616987519e-06 1.246483589056879282e-05 1.737258514822315192e-08 1.905109847655239719e-08 1.050269275992832263e-07 4.847758100368082523e-05 3.095978854616987519e-06
3.450000000000000000e+04 1.171322219306603074e-05 2.477203864259536203e-08 2.745377436497165036e-08 1.498668353860921343e-07 4.641125997295603156e-05 2.868188175852992572e-06 9.373419743496924639e-06 2.477203864259536203e-08 2.745377436497165036e-08 1.498668353860921343e-07 4.641125997295603156e-05 2.868188175852992572e-06
3.450000000000000000e+04 1.182100368168903515e-05 2.477203864259536203e-08 2.745377436497165036e-08 1.498668353860921343e-07 4.641125997295603156e-05 2.868188175852992572e-06 9.373419743496924639e-06 2.477203864259536203e-08 2.745377436497165036e-08 1.498668353860921343e-07 4.641125997295603156e-05 2.868188175852992572e-06
3.500000000000000000e+04 1.155347672465723008e-05 1.097407675842987373e-08 8.962478759144687501e-09 1.281929371543810703e-07 4.656197052099741995e-05 2.782664978440152481e-06 9.165385563392192125e-06 1.097407675842987373e-08 8.962478759144687501e-09 1.281929371543810703e-07 4.656197052099741995e-05 2.782664978440152481e-06
3.600000000000000000e+04 1.128742678702110425e-05 1.068129584780308505e-08 8.819617036692761758e-09 9.515876797649980290e-08 4.673128205467946827e-05 2.698626985875307582e-06 8.955200428317766637e-06 1.068129584780308505e-08 8.819617036692761758e-09 9.515876797649980290e-08 4.673128205467946827e-05 2.698626985875307582e-06
3.650100000000000000e+04 1.134032663685502484e-05 1.079214762000901828e-08 8.343546298306137032e-09 8.581340438240658841e-08 4.660574268200434744e-05 2.652884859344339930e-06 9.001116268336772919e-06 1.079214762000901828e-08 8.343546298306137032e-09 8.581340438240658841e-08 4.660574268200434744e-05 2.652884859344339930e-06
3.652300000000000000e+04 1.134005196945508942e-05 1.077804689941785909e-08 8.338674639674081845e-09 8.567720044538873481e-08 4.660452759708277881e-05 2.652795274116215296e-06 9.000776117318309844e-06 1.077804689941785909e-08 8.338674639674081845e-09 8.567720044538873481e-08 4.660452759708277881e-05 2.652795274116215296e-06
